W 9 7 14
W 9 5 10
W 9 12 20
W 9 16 20
H 11 9 19 0
S 4 10 7
S 4 11 4
C 11 2 20
A 4 16 16
S 4 17 2
S 4 15 6
S 4 6 1
S 4 8 1
S 4 13 7
S 4 13 8
S 4 14 8
S 4 16 9
S 4 11 7
S 4 14 9
S 4 13 11
S 4 14 6
S 4 12 6
S 4 11 11
S 4 15 8
S 4 15 10
S 4 10 9
S 4 12 8
S 4 16 7
S 4 15 9
S 4 12 7
S 4 12 5
S 4 11 5
S 4 17 13
S 4 12 10
S 4 10 8
S 4 13 9
S 4 17 9
S 4 10 6
S 4 14 10
S 4 13 5
S 4 13 4
S 4 16 8
S 4 13 10
S 4 12 11
S 4 11 8
S 4 16 10
S 4 12 2
S 4 17 8
S 4 7 11
S 4 8 7
S 4 10 5
S 4 14 7
S 4 16 6
S 4 18 12
S 4 14 11
S 4 15 11
S 4 15 5
S 4 12 9
S 4 17 6
S 4 12 12
S 4 9 9
S 4 19 8
S 4 9 7
S 4 14 4
S 4 17 7
S 4 13 12
S 4 17 12
S 4 18 9
S 4 15 13
S 4 11 10
S 4 12 4
S 4 9 8
S 4 8 4
S 4 13 3
S 4 14 3
S 4 11 12
S 4 11 6
S 4 17 5
S 4 17 3
S 4 14 13
S 4 14 5
S 4 18 6
S 4 12 13
S 4 17 10
S 4 9 6
S 4 11 3
S 4 14 12
S 4 13 6
S 4 11 13
S 4 10 10
S 4 11 9
S 4 8 6
S 4 15 4
S 4 18 8
S 4 16 12
S 4 7 7
S 4 9 5
S 4 16 5
S 4 15 14
S 4 19 6
S 4 8 8
S 4 19 10
S 4 16 11
S 4 12 3
S 4 19 7
S 4 9 10
S 4 15 3
S 4 13 2
S 4 10 11
S 4 16 4
S 4 19 5
S 4 18 10
S 4 11 1
S 4 13 13
S 4 8 9
S 4 10 4
S 4 13 1
S 4 7 6
S 4 10 3
S 4 18 5
S 4 12 14
S 4 9 11
S 4 20 8
S 4 14 2
S 4 13 14
S 4 20 9
S 4 16 13
S 4 7 8
S 4 8 5
S 4 15 2
S 4 10 12
S 4 17 4
S 4 16 1
S 4 14 14
S 4 10 13
S 4 18 11
S 4 9 3
S 4 17 11
S 4 6 7
S 4 20 4
S 4 20 5
S 4 8 10
S 4 16 3
S 4 12 1
S 4 19 4
S 4 19 9
S 4 18 3
S 4 20 11
S 4 7 9
S 4 20 7
S 4 18 4
S 4 11 14
S 4 9 4
S 4 15 12
S 4 6 6
S 4 7 5
S 4 14 15
S 4 20 10
S 4 8 11
S 4 15 1
S 4 14 1
S 4 13 15
S 4 8 2
S 4 12 15
S 4 9 12
S 4 16 14
S 4 6 8
S 4 15 16
S 4 10 14
S 4 19 14
S 4 7 3
S 4 4 7
S 4 16 2
S 4 10 1
S 4 19 3
S 4 11 2
S 4 17 1
S 4 7 2
S 4 17 14
S 4 18 7
S 4 15 7
S 4 19 12
S 4 7 4
S 4 18 2
S 4 10 2
S 4 11 15
S 4 15 15
S 4 20 6
S 4 9 1
S 4 7 10
S 4 12 16
S 4 8 12
S 4 13 16
S 4 16 15
S 4 10 15
S 4 5 9
S 4 20 3
S 4 19 1
S 4 11 16
S 4 6 5
S 4 19 11
S 4 7 12
S 4 17 15
S 4 10 16
S 4 19 2
S 4 8 3
S 4 18 13
S 4 6 12
S 4 9 13
S 4 9 2
S 4 5 6
S 4 20 12
S 4 9 14
S 4 4 4
S 4 5 4
S 4 14 16
S 4 12 17
S 4 5 7
S 4 14 17
S 4 9 15
S 4 19 13
S 4 6 3
S 4 6 11
S 4 6 2
S 4 18 16
S 4 20 13
S 4 7 1
S 4 13 17
S 4 7 13
S 4 13 18
S 4 17 16
S 4 20 2
S 4 11 17
S 4 8 13
S 4 19 15
S 4 8 16
S 4 18 1
S 4 6 9
S 4 5 8
S 4 16 18
S 4 18 14
S 4 12 18
S 4 7 15
S 4 4 9
S 4 20 1
S 4 10 17
S 4 5 13
S 4 11 18
S 4 4 5
S 4 15 18
S 4 5 2
S 4 20 14
S 4 16 17
S 4 13 19
S 4 18 17
S 4 19 17
S 4 5 1
S 4 6 10
S 4 4 8
S 4 8 14
S 4 20 15
S 4 3 8
S 4 9 16
S 4 5 11
S 4 3 7
S 4 6 4
S 4 5 12
S 4 4 2
S 4 14 19
S 4 18 15
S 4 9 17
S 4 12 19
S 4 4 10
S 4 10 18
S 4 11 19
S 4 3 2
S 4 14 18
S 4 18 18
d 0 1 4
b 99 1 2
d 0 1 5
b 99 1 1
d 0 1 6
b 99 1 3
d 0 2 4
d 0 2 5
b 99 2 1
d 0 1 7
d 0 2 6
d 0 3 5
d 0 2 7
b 99 2 3
d 0 5 5
d 0 1 8
d 0 2 8
G 0 5 17
G 0 3 15
G 0 5 19
d 0 5 3
b 99 3 1
